 
   0.545455E-01    1.06667    
   0.000000       0.000000        2.75016               0
   0.545455E-01    1.07038    
   0.576644E-01  -0.157593E-01    2.73048               0
   0.545455E-01    1.07410    
   0.820065E-01  -0.324727E-01    2.70939               0
   0.545455E-01    1.07781    
   0.100992      -0.501862E-01    2.68685               0
   0.545455E-01    1.08152    
   0.117291      -0.690006E-01    2.66275               0
   0.545455E-01    1.08524    
   0.131906      -0.889415E-01    2.63707               0
   0.545455E-01    1.08895    
   0.145330      -0.110071        2.60975               0
   0.545455E-01    1.09267    
   0.157869      -0.132414        2.58077               0
   0.545455E-01    1.09638    
   0.169708      -0.155993        2.55014               0
   0.545455E-01    1.10010    
   0.180954      -0.180889        2.51774               0
   0.545455E-01    1.10381    
   0.191714      -0.207142        2.48354               0
   0.545455E-01    1.10752    
   0.202051      -0.234793        2.44753               0
   0.545455E-01    1.11124    
   0.212014      -0.263989        2.40949               0
   0.545455E-01    1.11495    
   0.221648      -0.294805        2.36937               0
   0.545455E-01    1.11867    
   0.230982      -0.327369        2.32703               0
   0.545455E-01    1.12238    
   0.240042      -0.361842        2.28228               0
   0.545455E-01    1.12610    
   0.248854      -0.398418        2.23492               0
   0.545455E-01    1.12981    
   0.257433      -0.437324        2.18470               0
   0.545455E-01    1.13353    
   0.265797      -0.478874        2.13129               0
   0.545455E-01    1.13724    
   0.273961      -0.523464        2.07426               0
   0.545455E-01    1.14095    
   0.281933      -0.571539        2.01317               0
   0.545455E-01    1.14467    
   0.289725      -0.623748        1.94738               0
   0.545455E-01    1.14838    
   0.297351      -0.680974        1.87602               0
   0.545455E-01    1.15210    
   0.304815      -0.744405        1.79796               0
   0.545455E-01    1.15581    
   0.312088      -0.815383        1.71210               0
   0.545455E-01    1.15953    
   0.319288      -0.897760        1.61468               0
   0.545455E-01    1.16324    
   0.326312      -0.994749        1.50347               0
   0.545455E-01    1.16695    
   0.333200       -1.11479        1.37167               0
   0.545455E-01    1.17067    
   0.339950       -1.27517        1.20693               0
   0.545455E-01    1.17438    
   0.346557       -1.52709       0.976841               0
 
   0.109091        1.06667    
   0.000000       0.000000        2.74526               0
   0.109091        1.07038    
   0.571516E-01  -0.156610E-01    2.72561               0
   0.109091        1.07410    
   0.812499E-01  -0.322489E-01    2.70459               0
   0.109091        1.07781    
   0.100043      -0.498191E-01    2.68214               0
   0.109091        1.08152    
   0.116162      -0.684449E-01    2.65817               0
   0.109091        1.08524    
   0.130603      -0.881754E-01    2.63264               0
   0.109091        1.08895    
   0.143873      -0.109055        2.60552               0
   0.109091        1.09267    
   0.156244      -0.131084        2.57681               0
   0.109091        1.09638    
   0.167914      -0.154335        2.54644               0
   0.109091        1.10010    
   0.179003      -0.178831        2.51440               0
   0.109091        1.10381    
   0.189601      -0.204628        2.48062               0
   0.109091        1.10752    
   0.199778      -0.231812        2.44500               0
   0.109091        1.11124    
   0.209583      -0.260442        2.40749               0
   0.109091        1.11495    
   0.219056      -0.290623        2.36796               0
   0.109091        1.11867    
   0.228228      -0.322480        2.32628               0
   0.109091        1.12238    
   0.237127      -0.356152        2.28229               0
   0.109091        1.12610    
   0.245778      -0.391826        2.23578               0
   0.109091        1.12981    
   0.254196      -0.429717        2.18653               0
   0.109091        1.13353    
   0.262398      -0.470107        2.13423               0
   0.109091        1.13724    
   0.270400      -0.513339        2.07851               0
   0.109091        1.14095    
   0.278210      -0.559858        2.01892               0
   0.109091        1.14467    
   0.285840      -0.610227        1.95490               0
   0.109091        1.14838    
   0.293302      -0.665251        1.88564               0
   0.109091        1.15210    
   0.300602      -0.725985        1.81013               0
   0.109091        1.15581    
   0.307755      -0.794003        1.72692               0
   0.109091        1.15953    
   0.314750      -0.871442        1.63413               0
   0.109091        1.16324    
   0.321609      -0.962138        1.52847               0
   0.109091        1.16695    
   0.328333       -1.07254        1.40479               0
   0.109091        1.17067    
   0.334923       -1.21586        1.25330               0
   0.109091        1.17438    
   0.341374       -1.42650        1.05114               0
 
   0.163636        1.06667    
   0.000000       0.000000        2.73727               0
   0.163636        1.07038    
   0.563157E-01  -0.155077E-01    2.71768               0
   0.163636        1.07410    
   0.800404E-01  -0.319007E-01    2.69676               0
   0.163636        1.07781    
   0.985227E-01  -0.492321E-01    2.67445               0
   0.163636        1.08152    
   0.114355      -0.675661E-01    2.65068               0
   0.163636        1.08524    
   0.128533      -0.869622E-01    2.62539               0
   0.163636        1.08895    
   0.141521      -0.107403        2.59863               0
   0.163636        1.09267    
   0.153640      -0.128977        2.57030               0
   0.163636        1.09638    
   0.165054      -0.151685        2.54040               0
   0.163636        1.10010    
   0.175889      -0.175572        2.50888               0
   0.163636        1.10381    
   0.186238      -0.200691        2.47570               0
   0.163636        1.10752    
   0.196162      -0.227091        2.44080               0
   0.163636        1.11124    
   0.205714      -0.254846        2.40409               0
   0.163636        1.11495    
   0.214935      -0.284052        2.36547               0
   0.163636        1.11867    
   0.223856      -0.314809        2.32482               0
   0.163636        1.12238    
   0.232506      -0.347257        2.28199               0
   0.163636        1.12610    
   0.240904      -0.381542        2.23681               0
   0.163636        1.12981    
   0.249071      -0.417874        2.18905               0
   0.163636        1.13353    
   0.257022      -0.456483        2.13847               0
   0.163636        1.13724    
   0.264772      -0.497686        2.08471               0
   0.163636        1.14095    
   0.272331      -0.541849        2.02741               0
   0.163636        1.14467    
   0.279709      -0.589469        1.96605               0
   0.163636        1.14838    
   0.286919      -0.641214        1.89995               0
   0.163636        1.15210    
   0.293968      -0.697980        1.82824               0
   0.163636        1.15581    
   0.300866      -0.761023        1.74972               0
   0.163636        1.15953    
   0.307610      -0.832063        1.66287               0
   0.163636        1.16324    
   0.314222      -0.914104        1.56499               0
   0.163636        1.16695    
   0.320695       -1.01175        1.45231               0
   0.163636        1.17067    
   0.327037       -1.13391        1.31791               0
   0.163636        1.17438    
   0.333248       -1.30066        1.14754               0
 
   0.218182        1.06667    
   0.000000       0.000000        2.72642               0
   0.218182        1.07038    
   0.552092E-01  -0.153031E-01    2.70690               0
   0.218182        1.07410    
   0.784409E-01  -0.314387E-01    2.68611               0
   0.218182        1.07781    
   0.965066E-01  -0.484471E-01    2.66400               0
   0.218182        1.08152    
   0.111962      -0.663946E-01    2.64050               0
   0.218182        1.08524    
   0.125775      -0.853187E-01    2.61558               0
   0.218182        1.08895    
   0.138427      -0.105243        2.58923               0
   0.218182        1.09267    
   0.150210      -0.126207        2.56140               0
   0.218182        1.09638    
   0.161294      -0.148223        2.53208               0
   0.218182        1.10010    
   0.171799      -0.171319        2.50127               0
   0.218182        1.10381    
   0.181821      -0.195550        2.46888               0
   0.218182        1.10752    
   0.191421      -0.220960        2.43488               0
   0.218182        1.11124    
   0.200651      -0.247612        2.39918               0
   0.218182        1.11495    
   0.209551      -0.275585        2.36171               0
   0.218182        1.11867    
   0.218151      -0.304963        2.32237               0
   0.218182        1.12238    
   0.226479      -0.335862        2.28101               0
   0.218182        1.12610    
   0.234560      -0.368429        2.23748               0
   0.218182        1.12981    
   0.242407      -0.402815        2.19161               0
   0.218182        1.13353    
   0.250040      -0.439234        2.14316               0
   0.218182        1.13724    
   0.257470      -0.477934        2.09185               0
   0.218182        1.14095    
   0.264713      -0.519244        2.03733               0
   0.218182        1.14467    
   0.271776      -0.563564        1.97919               0
   0.218182        1.14838    
   0.278670      -0.611414        1.91689               0
   0.218182        1.15210    
   0.285403      -0.663511        1.84971               0
   0.218182        1.15581    
   0.291983      -0.720817        1.77671               0
   0.218182        1.15953    
   0.298430      -0.784836        1.69644               0
   0.218182        1.16324    
   0.304714      -0.857214        1.60752               0
   0.218182        1.16695    
   0.310877      -0.941572        1.50669               0
   0.218182        1.17067    
   0.316909       -1.04336        1.38954               0
   0.218182        1.17438    
   0.322815       -1.17361        1.24768               0
 
   0.272727        1.06667    
   0.000000       0.000000        2.71300               0
   0.272727        1.07038    
   0.538677E-01  -0.150391E-01    2.69358               0
   0.272727        1.07410    
   0.765121E-01  -0.308649E-01    2.67295               0
   0.272727        1.07781    
   0.940900E-01  -0.474918E-01    2.65108               0
   0.272727        1.08152    
   0.109103      -0.649839E-01    2.62790               0
   0.272727        1.08524    
   0.122493      -0.833650E-01    2.60339               0
   0.272727        1.08895    
   0.134737      -0.102658        2.57755               0
   0.272727        1.09267    
   0.146124      -0.122904        2.55031               0
   0.272727        1.09638    
   0.156821      -0.144112        2.52170               0
   0.272727        1.10010    
   0.166947      -0.166304        2.49167               0
   0.272727        1.10381    
   0.176589      -0.189516        2.46020               0
   0.272727        1.10752    
   0.185817      -0.213796        2.42723               0
   0.272727        1.11124    
   0.194674      -0.239187        2.39271               0
   0.272727        1.11495    
   0.203203      -0.265757        2.35656               0
   0.272727        1.11867    
   0.211436      -0.293584        2.31869               0
   0.272727        1.12238    
   0.219398      -0.322757        2.27900               0
   0.272727        1.12610    
   0.227113      -0.353398        2.23734               0
   0.272727        1.12981    
   0.234598      -0.385636        2.19356               0
   0.272727        1.13353    
   0.241870      -0.419651        2.14746               0
   0.272727        1.13724    
   0.248943      -0.455643        2.09882               0
   0.272727        1.14095    
   0.255826      -0.493861        2.04737               0
   0.272727        1.14467    
   0.262534      -0.534646        1.99273               0
   0.272727        1.14838    
   0.269073      -0.578385        1.93449               0
   0.272727        1.15210    
   0.275453      -0.625644        1.87207               0
   0.272727        1.15581    
   0.281681      -0.677121        1.80477               0
   0.272727        1.15953    
   0.287767      -0.733844        1.73158               0
   0.272727        1.16324    
   0.293714      -0.797209        1.65118               0
   0.272727        1.16695    
   0.299528      -0.869337        1.56165               0
   0.272727        1.17067    
   0.305220      -0.953755        1.45992               0
   0.272727        1.17438    
   0.310782       -1.05633        1.34126               0
 
   0.327273        1.06667    
   0.000000       0.000000        2.69733               0
   0.327273        1.07038    
   0.523759E-01  -0.147476E-01    2.67803               0
   0.327273        1.07410    
   0.743395E-01  -0.302014E-01    2.65760               0
   0.327273        1.07781    
   0.913668E-01  -0.463903E-01    2.63601               0
   0.327273        1.08152    
   0.105884      -0.633653E-01    2.61320               0
   0.327273        1.08524    
   0.118811      -0.811503E-01    2.58914               0
   0.327273        1.08895    
   0.130613      -0.997603E-01    2.56385               0
   0.327273        1.09267    
   0.141567      -0.119225        2.53727               0
   0.327273        1.09638    
   0.151839      -0.139550        2.50942               0
   0.327273        1.10010    
   0.161548      -0.160757        2.48027               0
   0.327273        1.10381    
   0.170784      -0.182885        2.44978               0
   0.327273        1.10752    
   0.179602      -0.205943        2.41794               0
   0.327273        1.11124    
   0.188061      -0.230000        2.38467               0
   0.327273        1.11495    
   0.196193      -0.255096        2.34992               0
   0.327273        1.11867    
   0.204033      -0.281291        2.31361               0
   0.327273        1.12238    
   0.211604      -0.308663        2.27566               0
   0.327273        1.12610    
   0.218934      -0.337321        2.23594               0
   0.327273        1.12981    
   0.226034      -0.367353        2.19433               0
   0.327273        1.13353    
   0.232924      -0.398907        2.15068               0
   0.327273        1.13724    
   0.239616      -0.432140        2.10480               0
   0.327273        1.14095    
   0.246123      -0.467266        2.05643               0
   0.327273        1.14467    
   0.252458      -0.504542        2.00531               0
   0.327273        1.14838    
   0.258625      -0.544260        1.95111               0
   0.327273        1.15210    
   0.264636      -0.586836        1.89339               0
   0.327273        1.15581    
   0.270497      -0.632806        1.83158               0
   0.327273        1.15953    
   0.276218      -0.682884        1.76496               0
   0.327273        1.16324    
   0.281807      -0.738072        1.69253               0
   0.327273        1.16695    
   0.287262      -0.799710        1.61304               0
   0.327273        1.17067    
   0.292594      -0.869958        1.52449               0
   0.327273        1.17438    
   0.297806      -0.952201        1.42395               0
 
   0.381818        1.06667    
   0.000000       0.000000        2.67976               0
   0.381818        1.07038    
   0.507527E-01  -0.144132E-01    2.66060               0
   0.381818        1.07410    
   0.720018E-01  -0.294721E-01    2.64039               0
   0.381818        1.07781    
   0.884396E-01  -0.451851E-01    2.61911               0
   0.381818        1.08152    
   0.102430      -0.616074E-01    2.59669               0
   0.381818        1.08524    
   0.114868      -0.787582E-01    2.57313               0
   0.381818        1.08895    
   0.126213      -0.966676E-01    2.54839               0
   0.381818        1.09267    
   0.136698      -0.115288        2.52254               0
   0.381818        1.09638    
   0.146531      -0.134704        2.49548               0
   0.381818        1.10010    
   0.155810      -0.154904        2.46723               0
   0.381818        1.10381    
   0.164620      -0.175907        2.43777               0
   0.381818        1.10752    
   0.173024      -0.197741        2.40706               0
   0.381818        1.11124    
   0.181068      -0.220436        2.37508               0
   0.381818        1.11495    
   0.188795      -0.244048        2.34175               0
   0.381818        1.11867    
   0.196235      -0.268620        2.30701               0
   0.381818        1.12238    
   0.203409      -0.294205        2.27081               0
   0.381818        1.12610    
   0.210344      -0.320891        2.23303               0
   0.381818        1.12981    
   0.217055      -0.348757        2.19359               0
   0.381818        1.13353    
   0.223561      -0.377927        2.15232               0
   0.381818        1.13724    
   0.229871      -0.408509        2.10911               0
   0.381818        1.14095    
   0.236000      -0.440677        2.06375               0
   0.381818        1.14467    
   0.241960      -0.474630        2.01601               0
   0.381818        1.14838    
   0.247757      -0.510593        1.96564               0
   0.381818        1.15210    
   0.253401      -0.548877        1.91229               0
   0.381818        1.15581    
   0.258899      -0.589865        1.85555               0
   0.381818        1.15953    
   0.264259      -0.634068        1.79487               0
   0.381818        1.16324    
   0.269485      -0.682154        1.72957               0
   0.381818        1.16695    
   0.274587      -0.735071        1.65870               0
   0.381818        1.17067    
   0.279569      -0.794145        1.58097               0
   0.381818        1.17438    
   0.284432      -0.861346        1.49458               0
 
   0.436364        1.06667    
   0.000000       0.000000        2.66062               0
   0.436364        1.07038    
   0.490567E-01  -0.140532E-01    2.64163               0
   0.436364        1.07410    
   0.695566E-01  -0.286841E-01    2.62167               0
   0.436364        1.07781    
   0.853888E-01  -0.439025E-01    2.60071               0
   0.436364        1.08152    
   0.988384E-01  -0.597509E-01    2.57872               0
   0.436364        1.08524    
   0.110774      -0.762484E-01    2.55566               0
   0.436364        1.08895    
   0.121633      -0.934030E-01    2.53155               0
   0.436364        1.09267    
   0.131668      -0.111215        2.50638               0
   0.436364        1.09638    
   0.141059      -0.129724        2.48011               0
   0.436364        1.10010    
   0.149904      -0.148910        2.45278               0
   0.436364        1.10381    
   0.158288      -0.168805        2.42433               0
   0.436364        1.10752    
   0.166277      -0.189429        2.39476               0
   0.436364        1.11124    
   0.173913      -0.210803        2.36403               0
   0.436364        1.11495    
   0.181236      -0.232965        2.33210               0
   0.436364        1.11867    
   0.188278      -0.255959        2.29891               0
   0.436364        1.12238    
   0.195063      -0.279830        2.26440               0
   0.436364        1.12610    
   0.201612      -0.304640        2.22849               0
   0.436364        1.12981    
   0.207943      -0.330463        2.19110               0
   0.436364        1.13353    
   0.214072      -0.357377        2.15213               0
   0.436364        1.13724    
   0.220011      -0.385489        2.11144               0
   0.436364        1.14095    
   0.225774      -0.414927        2.06889               0
   0.436364        1.14467    
   0.231370      -0.445828        2.02430               0
   0.436364        1.14838    
   0.236810      -0.478399        1.97744               0
   0.436364        1.15210    
   0.242099      -0.512837        1.92808               0
   0.436364        1.15581    
   0.247247      -0.549446        1.87588               0
   0.436364        1.15953    
   0.252260      -0.588574        1.82045               0
   0.436364        1.16324    
   0.257146      -0.630715        1.76126               0
   0.436364        1.16695    
   0.261909      -0.676483        1.69767               0
   0.436364        1.17067    
   0.266554      -0.726740        1.62880               0
   0.436364        1.17438    
   0.271088      -0.782724        1.55343               0
 
   0.490909        1.06667    
   0.000000       0.000000        2.64025               0
   0.490909        1.07038    
   0.473365E-01  -0.136801E-01    2.62144               0
   0.490909        1.07410    
   0.670628E-01  -0.278570E-01    2.60175               0
   0.490909        1.07781    
   0.822868E-01  -0.425699E-01    2.58113               0
   0.490909        1.08152    
   0.951972E-01  -0.578437E-01    2.55955               0
   0.490909        1.08524    
   0.106629      -0.736829E-01    2.53702               0
   0.490909        1.08895    
   0.117015      -0.901049E-01    2.51351               0
   0.490909        1.09267    
   0.126596      -0.107103        2.48904               0
   0.490909        1.09638    
   0.135549      -0.124717        2.46356               0
   0.490909        1.10010    
   0.143970      -0.142925        2.43711               0
   0.490909        1.10381    
   0.151938      -0.161743        2.40967               0
   0.490909        1.10752    
   0.159522      -0.181203        2.38119               0
   0.490909        1.11124    
   0.166761      -0.201310        2.35168               0
   0.490909        1.11495    
   0.173697      -0.222105        2.32107               0
   0.490909        1.11867    
   0.180354      -0.243605        2.28936               0
   0.490909        1.12238    
   0.186765      -0.265870        2.25645               0
   0.490909        1.12610    
   0.192943      -0.288929        2.22231               0
   0.490909        1.12981    
   0.198910      -0.312850        2.18686               0
   0.490909        1.13353    
   0.204680      -0.337696        2.15001               0
   0.490909        1.13724    
   0.210266      -0.363550        2.11166               0
   0.490909        1.14095    
   0.215680      -0.390506        2.07169               0
   0.490909        1.14467    
   0.220932      -0.418684        2.02995               0
   0.490909        1.14838    
   0.226034      -0.448233        1.98627               0
   0.490909        1.15210    
   0.230989      -0.479300        1.94046               0
   0.490909        1.15581    
   0.235808      -0.512113        1.89227               0
   0.490909        1.15953    
   0.240496      -0.546927        1.84140               0
   0.490909        1.16324    
   0.245060      -0.584083        1.78746               0
   0.490909        1.16695    
   0.249507      -0.624031        1.72995               0
   0.490909        1.17067    
   0.253842      -0.667329        1.66829               0
   0.490909        1.17438    
   0.258066      -0.714764        1.60165               0
 
   0.545455        1.06667    
   0.000000       0.000000        2.61892               0
   0.545455        1.07038    
   0.455723E-01  -0.132648E-01    2.60035               0
   0.545455        1.07410    
   0.645777E-01  -0.270163E-01    2.58090               0
   0.545455        1.07781    
   0.791962E-01  -0.412196E-01    2.56063               0
   0.545455        1.08152    
   0.915671E-01  -0.559100E-01    2.53949               0
   0.545455        1.08524    
   0.102511      -0.711074E-01    2.51746               0
   0.545455        1.08895    
   0.112434      -0.868139E-01    2.49455               0
   0.545455        1.09267    
   0.121584      -0.103045        2.47073               0
   0.545455        1.09638    
   0.130100      -0.119768        2.44606               0
   0.545455        1.10010    
   0.138114      -0.137045        2.42046               0
   0.545455        1.10381    
   0.145685      -0.154846        2.39396               0
   0.545455        1.10752    
   0.152881      -0.173204        2.36653               0
   0.545455        1.11124    
   0.159741      -0.192121        2.33817               0
   0.545455        1.11495    
   0.166305      -0.211630        2.30883               0
   0.545455        1.11867    
   0.172602      -0.231754        2.27848               0
   0.545455        1.12238    
   0.178654      -0.252522        2.24708               0
   0.545455        1.12610    
   0.184484      -0.273975        2.21458               0
   0.545455        1.12981    
   0.190108      -0.296160        2.18091               0
   0.545455        1.13353    
   0.195540      -0.319129        2.14601               0
   0.545455        1.13724    
   0.200795      -0.342948        2.10979               0
   0.545455        1.14095    
   0.205884      -0.367691        2.07216               0
   0.545455        1.14467    
   0.210816      -0.393452        2.03298               0
   0.545455        1.14838    
   0.215602      -0.420339        1.99214               0
   0.545455        1.15210    
   0.220247      -0.448474        1.94948               0
   0.545455        1.15581    
   0.224761      -0.478031        1.90479               0
   0.545455        1.15953    
   0.229149      -0.509190        1.85784               0
   0.545455        1.16324    
   0.233418      -0.542208        1.80835               0
   0.545455        1.16695    
   0.237572      -0.577377        1.75597               0
   0.545455        1.17067    
   0.241618      -0.615109        1.70024               0
   0.545455        1.17438    
   0.245560      -0.655925        1.64060               0
 
   0.600000        1.06667    
   0.000000       0.000000        2.59692               0
   0.600000        1.07038    
   0.438493E-01  -0.128562E-01    2.57857               0
   0.600000        1.07410    
   0.621233E-01  -0.261624E-01    2.55940               0
   0.600000        1.07781    
   0.761521E-01  -0.398608E-01    2.53948               0
   0.600000        1.08152    
   0.880072E-01  -0.539896E-01    2.51876               0
   0.600000        1.08524    
   0.984738E-01  -0.685590E-01    2.49723               0
   0.600000        1.08895    
   0.107949      -0.835708E-01    2.47490               0
   0.600000        1.09267    
   0.116676      -0.990452E-01    2.45174               0
   0.600000        1.09638    
   0.124794      -0.114963        2.42779               0
   0.600000        1.10010    
   0.132416      -0.131349        2.40301               0
   0.600000        1.10381    
   0.139607      -0.148187        2.37742               0
   0.600000        1.10752    
   0.146435      -0.165513        2.35098               0
   0.600000        1.11124    
   0.152939      -0.183327        2.32369               0
   0.600000        1.11495    
   0.159155      -0.201649        2.29553               0
   0.600000        1.11867    
   0.165111      -0.220502        2.26645               0
   0.600000        1.12238    
   0.170830      -0.239906        2.23644               0
   0.600000        1.12610    
   0.176335      -0.259901        2.20544               0
   0.600000        1.12981    
   0.181637      -0.280509        2.17341               0
   0.600000        1.13353    
   0.186759      -0.301797        2.14027               0
   0.600000        1.13724    
   0.191706      -0.323795        2.10598               0
   0.600000        1.14095    
   0.196492      -0.346569        2.07045               0
   0.600000        1.14467    
   0.201129      -0.370203        2.03357               0
   0.600000        1.14838    
   0.205624      -0.394766        1.99524               0
   0.600000        1.15210    
   0.209983      -0.420362        1.95534               0
   0.600000        1.15581    
   0.214216      -0.447121        1.91370               0
   0.600000        1.15953    
   0.218330      -0.475192        1.87013               0
   0.600000        1.16324    
   0.222328      -0.504740        1.82444               0
   0.600000        1.16695    
   0.226216      -0.535996        1.77635               0
   0.600000        1.17067    
   0.230000      -0.569244        1.72552               0
   0.600000        1.17438    
   0.233684      -0.604851        1.67153               0
