system	    pA  pZ  tA  tZ     E nst  dt    dll
20ne20ne    20  10  20  10 0.05  550 0.5   0.92
20ne20ne    20  10  20  10 0.1   550 0.5   0.92
20ne20ne    20  10  20  10 0.15  550 0.5   0.92

36ar45sc    36  18  45  21 0.05  550 0.5   0.92
36ar45sc    36  18  45  21 0.1   550 0.5   0.92
36ar45sc    36  18  45  21 0.15  550 0.5   0.92

40ar45sc    40  18  45  21 0.05  550 0.5   0.92
40ar45sc    40  18  45  21 0.1   550 0.5   0.92
40ar45sc    40  18  45  21 0.15  550 0.5   0.92

40ar58fe    40  18  58  26 0.04 580 0.4   0.92

40ar58ni    40  18  58  28 0.04 580 0.4   0.92

40ar63cu    40  18  63  29 0.115 450 0.4   0.92
40ar63cu    40  18  63  29 0.090 450 0.4   0.92
40ar63cu    40  18  63  29 0.065 530 0.4   0.92
40ar63cu    40  18  63  29 0.044 580 0.4   0.92
40ar63cu    40  18  63  29 0.027 520 0.5   0.92
40ar63cu    40  18  63  29 0.017 610 0.5   0.92

40ar70zn    40  18  70  30 0.040 580 0.4   0.92

40ar107ag   40  18 107  47 0.115 450 0.4   0.92
40ar107ag   40  18 107  47 0.090 450 0.4   0.92
40ar107ag   40  18 107  47 0.065 550 0.4   0.92
40ar107ag   40  18 107  47 0.044 600 0.4   0.92
40ar107ag   40  18 107  47 0.027 540 0.5   0.92
40ar107ag   40  18 107  47 0.017 650 0.5   0.92

40ar197au   40  18 197  79 0.115 600 0.4   0.92
40ar197au   40  18 197  79 0.090 600 0.4   0.92
40ar197au   40  18 197  79 0.065 720 0.4   0.92
40ar197au   40  18 197  79 0.044 780 0.4   0.92
40ar197au   40  18 197  79 0.027 700 0.5   0.92
40ar197au   40  18 197  79 0.017 820 0.5   0.92

40ca40ca    40  20  40  20 1.93  300 0.13  0.65
40ca40ca    40  20  40  20 1.5   300 0.15  0.92
40ca40ca    40  20  40  20 1.2   300 0.19  0.92
40ca40ca    40  20  40  20 1.0   300 0.22  0.92
40ca40ca    40  20  40  20 0.8   300 0.25  0.92
40ca40ca    40  20  40  20 0.6   300 0.275 0.92
40ca40ca    40  20  40  20 0.4   300 0.3   0.92
40ca40ca    40  20  40  20 0.25  300 0.35  0.92
40ca40ca    40  20  40  20 0.15  300 0.4   0.92
40ca40ca    40  20  40  20 0.12  300 0.4   0.92
40ca40ca    40  20  40  20 0.09  300 0.4   0.92
40ca40ca    40  20  40  20 0.08  550 0.5   0.92

48ca48ca    48  20  48  20 0.08  550 0.5   0.92

40ca58ni    40  20  58  28 0.04  580 0.4   0.92

84kr93nb    84  36  93  41 0.05  550 0.5   0.92
84kr93nb    84  36  93  41 0.07  550 0.5   0.92
84kr93nb    84  36  93  41 0.1   550 0.5   0.92
84kr93nb    84  36  93  41 0.12  550 0.5   0.92
84kr93nb    84  36  93  41 0.15  550 0.5   0.92

86kr93nb    86  36  93  41 0.07  550 0.5   0.92
86kr93nb    86  36  93  41 0.1   550 0.5   0.92
86kr93nb    86  36  93  41 0.12  550 0.5   0.92
86kr93nb    86  36  93  41 0.15  550 0.5   0.92

96ru96ru    96  44  96  44 0.4   390 0.3   0.92
96ru96zr    96  44  96  40 0.4   390 0.3   0.92
96zr96zr    96  40  96  40 0.4   390 0.3   0.92

112sn112sn 112  50 112  50 0.05  1000 0.5   0.92

112sn124sn 112  50 124  50 0.05  550 0.5   0.92

124sn112sn 124  50 112  50 0.05  550 0.5   0.92

124sn124sn 124  50 124  50 0.05  550 0.5   0.92
124sn124sn 124  50 124  50 0.1   550 0.5   0.92
124sn124sn 124  50 124  50 0.15  550 0.5   0.92

129xe197au 129  54 197  79 0.05  1000 0.5   0.92

197au197au 197  79 197  79 1.5   550 0.15  0.92
197au197au 197  79 197  79 1.2   550 0.19  0.92
197au197au 197  79 197  79 1.0   550 0.22  0.92
197au197au 197  79 197  79 0.8   550 0.25  0.92
197au197au 197  79 197  79 0.6   550 0.275 0.92
197au197au 197  79 197  79 0.4   550 0.3   0.92
197au197au 197  79 197  79 0.25  550 0.35  0.92
197au197au 197  79 197  79 0.15  550 0.5   0.92
197au197au 197  79 197  79 0.12  550 0.4   0.92
197au197au 197  79 197  79 0.1   550 0.5   0.92
197au197au 197  79 197  79 0.09  550 0.4   0.92
197au197au 197  79 197  79 0.05  550 0.5   0.92
